0	1	1
1	2	0	2
2	3	1	3	24
3	2	2	4
4	3	3	6	23
5	1	6
6	4	4	5	8	22
7	1	8
8	4	6	7	10	21
9	1	10
10	4	8	9	12	20
11	1	12
12	4	10	11	15	19
13	1	14
14	2	13	15
15	3	12	14	18
16	1	14
17	1	18
18	4	15	17	19	37
19	4	12	18	20	36
20	4	10	19	21	35
21	4	8	20	22	34
22	4	6	21	23	33
23	4	4	22	24	32
24	4	2	23	26	31
25	1	26
26	4	24	25	27	28
27	1	26
28	1	26
29	1	30
30	3	29	31	47
31	3	24	30	32
32	4	23	31	44	49
33	3	22	34	44
34	4	21	33	35	43
35	4	20	34	36	42
36	4	19	35	37	41
37	4	18	36	38	40
38	1	37
39	1	40
40	4	37	39	41	53
41	4	36	40	42	52
42	4	35	41	43	51
43	4	34	42	44	50
44	4	32	33	43	49
45	1	46
46	3	45	47	62
47	3	30	46	48
48	3	47	49	61
49	5	32	44	48	50	69
50	4	43	49	51	60
51	4	42	50	52	58
52	4	41	51	53	57
53	4	40	52	54	56
54	1	53
55	1	56
56	4	53	55	57	80
57	3	52	56	59
58	2	51	59
59	4	57	58	60	78
60	3	50	59	71
61	4	48	62	67	68
62	4	46	61	63	64
63	1	62
64	2	62	66
65	1	66
66	4	64	65	67	85
67	3	61	66	86
68	3	61	70	73
69	2	49	70
70	4	68	69	71	72
71	4	60	70	72	75
72	5	70	71	73	74	83
73	3	68	72	74
74	3	72	73	86
75	3	71	76	77
76	2	75	79
77	2	75	78
78	3	59	77	79
79	3	76	78	82
80	3	56	81	90
81	1	80
82	3	79	83	88
83	3	72	82	87
84	1	85
85	4	66	84	86	100
86	5	67	74	85	87	98
87	4	83	86	88	97
88	4	82	87	89	96
89	3	88	90	95
90	4	80	89	91	93
91	1	90
92	1	93
93	4	90	92	94	113
94	3	93	95	111
95	4	89	94	96	109
96	4	88	95	97	108
97	4	87	96	98	106
98	3	86	97	99
99	3	98	100	103
100	4	85	99	101	102
101	1	100
102	2	100	103
103	4	99	102	104	105
104	1	103
105	2	103	106
106	4	97	105	107	108
107	1	106
108	3	96	106	109
109	4	95	108	110	111
110	1	109	
111	3	94	109	112
112	2	111	113
113	3	93	112	114
114	1	113
